[Movement]
look_intensity = 5
move_intensity = 2
forward_intensity = 2
ads_chance = 0.040000000000000036
jump_chance = 1
jump_interval = 4.8
weapon_switch_chance = 1
weapon_switch_interval = 15
strafe_chance = 0.25
forward_bias = 0.4
shoot_chance = 0.09999999999999998
shoot_duration = 0.29799999999999993
crouch_chance = 0.3
x_button_chance = 0.3
x_button_interval = 5
min_movement_duration = 9.377633711507293
max_movement_duration = 14.817396002160994
min_break_duration = 1
max_break_duration = 3.1766612641815235

[AntiAFK]
interval = 60.599999999999994
right_bumper_duration = 0.1359999999999999
left_bumper_duration = 0.1417857142857143
delay_between_buttons = 1.012

